 57516  106.470   29.580  重庆   2591.000           
 56288  103.920   30.580  成都   4946.000           
 57494  114.130   30.620  武汉    231.000           
 57687  112.870   28.230  长沙     68.000           
 58606  115.920   28.600  南昌    469.000           
 58367  121.430   31.200  上海     46.000           
 57432  108.400   30.770  万州   1867.000           
 56492  104.600   28.800  宜宾   3408.000           
 57461  111.300   30.700  宜昌   1331.000           
 58502  116.000   29.730  九江    361.000           
 58321  117.300   31.780  合肥    270.000           
 58238  118.800   32.000  南京     71.000           
 58457  120.170   30.230  杭州    417.000           