57333    108.67      31.95       城口       -0.09 0.07
57338    108.42      31.18       开县       -0.09 0.07
57339    108.68      30.95       云阳       -0.09 0.07
57345    109.62       31.4       巫溪       -0.09 0.07
57348    109.53      31.02       奉节       -0.09 0.07    
57349    109.87      31.07       巫山       -0.09 0.07    
57409     105.8      30.18       潼南       -0.09 0.07    
57425    107.33      30.33       垫江       -0.09 0.07    
57426     107.8      30.68       梁平       -0.09 0.07    
57432     108.4      30.77       万州       -0.09 0.07    
57437    108.03       30.3       忠县       -0.09 0.07    
57438    108.12      29.98       石柱       -0.09 0.07    
57502     105.7       29.7       大足       -0.09 0.07    
57505     105.6      29.42       荣昌       -0.09 0.07    
57506     105.9      29.37       永川       -0.09 0.07    
57509    106.93      28.95       万盛       -0.09 0.07    
57510    106.05      29.85       铜梁       -0.09 0.07
57511    106.45      29.85       北碚       -0.09 0.07
57512    106.28      29.97       合川       -0.09 0.07
57513    106.62      29.73       渝北       -0.09 0.07
57514    106.22      29.58       璧山       -0.09 0.07
57516     106.47      29.58     沙坪坝      -0.09 0.07
57517    106.25      29.28       江津       -0.09 0.07
57518    106.53      29.38       巴南        0.00 -0.07
57519    107.08      29.15       南川       -0.09 0.07
57520    107.07      29.83       长寿       -0.09 0.07
57522    107.42      29.75       涪陵       -0.09 0.07
57523    107.73      29.85       丰都       -0.09 0.07
57525    107.75      29.32       武隆       -0.09 0.07
57536    108.78      29.53       黔江       -0.09 0.07
57537    108.17       29.3       彭水       -0.09 0.07
57612    106.65      29.02       綦江       -0.09 0.07
57633    108.77      28.83       酉阳       -0.09 0.07
57635    108.98      28.45       秀山       -0.09 0.07